-1 2 -1 -1 time: 0.026532649993896484
-9 -3 -2 -2 time: 0.08503413200378418
-1 4 -1 2 time: 0.14101481437683105
-2 2 2 2 time: 0.2726294994354248
18 25 4 -4 time: 18.623451709747314
4 2 -56 7 time: 19.118449926376343
sat
[l1n1v1_2 = 10,
 l1n1v2_1 = 6,
 l1n2v2_4 = 5,
 l1n3v1_2 = 2,
 l1n4v1_4 = 5,
 l1n2v2_3 = 4,
 l1n1v1_4 = 2,
 l1n3v2_3 = 3,
 ov2_1 = 0,
 l1n2v1_4 = 5,
 l1n3v2_1 = 1,
 l1n1v2_2 = 10,
 l1n1v2_3 = 1,
 l1n4v1_1 = 2,
 l1n3v2_2 = 2,
 in2 = 6,
 l1n4v1_2 = 3,
 l1n1v2_4 = 2,
 l1n4v2_1 = 2,
 l1n2v1_2 = 7,
 in1 = -10,
 ov1_3 = 3,
 l1n4v2_3 = 4,
 l1n3v1_4 = 4,
 l1n4v2_2 = 3,
 ov2_3 = 3,
 ov2_4 = 0,
 l1n2v1_3 = 4,
 ov2_2 = 0,
 l1n3v1_1 = 1,
 ov1_1 = 0,
 l1n2v1_1 = 8,
 ov1_2 = 0,
 ov1_4 = 0,
 l1n3v2_4 = 4,
 in4 = 4,
 l1n4v2_4 = 5,
 l1n2v2_1 = 8,
 in3 = -9,
 l1n4v1_3 = 4,
 l1n1v1_3 = 1,
 l1n3v1_3 = 3,
 l1n2v2_2 = 7,
 l1n1v1_1 = 6]
Finished in 46.31169939041138
