-1 1 0.016681194305419922
1.0 1.0 3.0
-3 5 0.1768183708190918
7.0 9.0 27.0
sat
[out1__3 = 0,
 layer1node2v2__2 = 9,
 out1__2 = 0,
 layer2node2v2__0 = 44,
 layer2node1v1__0 = 7,
 out1__1 = 0,
 layer1node1v2__1 = 2,
 out2__2 = 0,
 layer1node2v2__0 = 2,
 layer2node3v2__0 = -3,
 inp__0 = 0,
 inp__1 = 0,
 out2__1 = 0,
 layer2node2v1__0 = 2,
 layer1node1v1__0 = 1,
 layer1node2v1__2 = 9,
 layer1node1v1__2 = 6,
 layer1node1v2__0 = 1,
 layer1node1v2__2 = 6,
 out1__0 = 0,
 layer1node1v1__1 = 2,
 layer1node2v2__1 = 3,
 layer1node2v1__1 = 3,
 layer2node1v2__0 = 7,
 out2__3 = 0,
 layer1node2v1__0 = 2,
 out2__0 = 0,
 layer2node3v1__0 = 11]
Finished in 0.21742582321166992
