-1 -1 0.017929553985595703
9.0 0.0 0.0
-3 3 0.4602477550506592
15.0 7.0 17.0
-10 3 7.489409685134888
8.0 0.0 0.0
sat
[biasv2__1 = -8,
 out1__3 = 0,
 layer1node2v2__2 = 12,
 out1__2 = 0,
 layer2node2v2__0 = 8,
 layer2node1v1__0 = 7,
 out1__1 = 0,
 layer1node1v2__1 = 5,
 out2__2 = 0,
 layer1node2v2__0 = 2,
 layer2node3v2__0 = 9,
 inp__0 = 17,
 inp__1 = -16,
 biasv1__1 = 4,
 biasv1__0 = 12,
 out2__1 = 0,
 layer2node2v1__0 = 8,
 layer1node1v1__0 = 1,
 layer1node2v1__2 = 11,
 layer1node1v1__2 = 5,
 layer1node1v2__0 = 1,
 biasv2__2 = -1,
 layer1node1v2__2 = 6,
 out1__0 = 0,
 layer1node1v1__1 = 5,
 layer1node2v2__1 = 10,
 layer1node2v1__1 = 6,
 layer2node1v2__0 = 7,
 out2__3 = 0,
 layer1node2v1__0 = 2,
 out2__0 = 0,
 layer2node3v1__0 = 9,
 biasv2__0 = 12,
 biasv1__2 = -1]
Finished in 48.67287850379944
