36 42 -7 0.3239257335662842
-9 -11 2 0.544236421585083
23 69 36 63.50543212890625
9 -2 18 69.14519786834717
-17 1 -28 69.25714945793152
10 3 5 69.34269762039185
-6 4 -9 69.41872763633728
-6 0 -7 69.48245596885681
2 7 10 69.49790096282959
sat
[l2n2v2_2 = -7,
 l2n2v2_1 = 6,
 l2n3v2_1 = 3,
 l2n3v2_2 = -3,
 l2n2v1_2 = -7,
 l2n3v1_4 = -3,
 l2n4v2_4 = -3,
 ov2_1 = 21,
 l2n4v1_1 = 3,
 l2n1v2_1 = -3,
 l2n1v1_1 = -3,
 l2n4v1_4 = -3,
 in2 = 10,
 l2n2v1_3 = 1,
 l2n4v2_2 = -3,
 ov2_4 = 207,
 l2n1v1_3 = 5,
 ov1_3 = 55,
 in1 = 7,
 l2n4v2_1 = 3,
 ov2_3 = 55,
 l2n3v1_1 = 3,
 l2n4v1_2 = -3,
 l2n2v2_3 = 1,
 l2n2v2_4 = 4,
 ov1_1 = 21,
 l2n1v1_2 = 4,
 ov2_2 = 17,
 ov1_4 = 207,
 ov1_2 = 17,
 l2n2v1_4 = 4,
 l2n1v2_2 = 4,
 l2n1v2_3 = 5,
 l2n1v2_4 = 9,
 l2n3v2_4 = -3,
 l2n3v1_3 = -3,
 in3 = 0,
 l2n3v2_3 = -3,
 l2n1v1_4 = 9,
 l2n4v1_3 = -3,
 l2n3v1_2 = -3,
 l2n2v1_1 = 6,
 l2n4v2_3 = -3]
Finished in 69.70889472961426
