-5 0 -6 0.15145540237426758
16 21 -2 0.23291802406311035
-9 -6 -2 0.32770323753356934
0 3 -1 0.49698829650878906
53 21 30 39.23002243041992
13 21 -4 41.67017602920532
1 -5 2 42.788411140441895
-2 3 6 48.454681158065796
sat
[l3n4v1_1 = 3,
 l3n3v1_3 = -3,
 l3n4v2_1 = 3,
 l3n3v2_3 = -3,
 l3n2v2_4 = 0,
 l3n1v1_2 = 4,
 ov2_1 = 0,
 l3n3v2_1 = 3,
 l3n2v1_3 = 0,
 l3n1v2_3 = 5,
 l3n3v2_4 = -3,
 l3n2v1_1 = 6,
 l3n4v1_4 = -3,
 in2 = 50,
 l3n4v2_4 = -3,
 l3n2v1_2 = 0,
 l3n1v2_2 = 4,
 ov2_4 = 9342,
 l3n2v2_2 = 0,
 in1 = 48,
 l3n3v1_1 = 3,
 ov1_3 = 5190,
 l3n1v1_4 = 9,
 l3n4v2_2 = -3,
 l3n4v2_3 = -3,
 l3n3v1_2 = -3,
 ov2_3 = 5190,
 ov2_2 = 4152,
 ov1_1 = 0,
 l3n4v1_2 = -3,
 l3n2v1_4 = 0,
 ov1_2 = 4152,
 ov1_4 = 9342,
 l3n3v1_4 = -3,
 l3n3v2_2 = -3,
 l3n2v2_3 = 0,
 l3n2v2_1 = 6,
 l3n1v1_1 = -3,
 in3 = -18,
 l3n4v1_3 = -3,
 l3n1v1_3 = 5,
 l3n1v2_1 = -3,
 l3n1v2_4 = 9]
Finished in 564.2610986232758
